#E_tot  Pt  O  CO
 -8025.39145201   6 5 1 
 -8043.89595433   6 4 2 
 -8104.12360874   6 4 3 
 -8122.60587301   6 3 4 
 -8182.75083277   6 3 5 
 -8242.90836218   6 3 6 
 -7817.2701436957  6 0 1     
 -7877.4240974689  6 0 2     
 -7937.61211857    6 0 3     
 -7997.72287535    6 0 4     
 -8057.84381146    6 0 5     
 -8117.99877483    6 0 6     
 -8006.8638289964   6 6 0      
 -8131.4995113750   6 9 0   
 -7900.48545769  6 2 1 
 -7919.09516993  6 1 2 
 -7979.23607878  6 1 3 
 -8039.37542371  6 3 4 
 -8099.47407162  6 3 5 
 -8159.72844838  6 3 6 
 -8099.47407162  6 3 7 
 -7881.94995307  6 3 0  
 -8178.11000857  6 0 7
